14000 1000
26000 1000
82000 1000
23000 2000
55000 2000
73000 2000
98000 2000
36000 3000
23000 4000
62000 4000
10000 5000
29000 5000
51000 5000
88000 5000
9000 6000
23000 6000
63000 6000
79000 6000
82000 6000
5000 7000
6000 7000
8000 7000
10000 7000
34000 8000
12000 9000
8000 10000
12000 10000
22000 10000
93000 10000
20000 11000
74000 11000
6000 12000
22000 12000
64000 12000
65000 12000
5000 13000
8000 13000
15000 13000
52000 13000
5000 14000
6000 14000
11000 14000
80000 14000
12000 15000
88000 15000
16000 16000
5000 18000
12000 18000
57000 18000
86000 18000
