   7.7778802e+02
   8.0206494e+02
   7.7760107e+02
   7.2495795e+02
   7.1227899e+02
   7.2011102e+02
   7.3328394e+02
   7.2942700e+02
   7.6717297e+02
   7.4846600e+02
   8.5405798e+02
   9.7813000e+02
   9.7465601e+02
   8.3618500e+02
   6.9464697e+02
   6.9464697e+02
   7.7923297e+02
   1.1698500e+03
   8.8691400e+02
   1.0420000e+03
   1.1993700e+03
   8.9756799e+02
   1.1993700e+03
   1.2733600e+03
   1.2733600e+03
   1.1959900e+03
   1.2498101e+03
   1.2921801e+03
   1.4083400e+03
   1.5789800e+03
   1.7325299e+03
   1.8309100e+03
   1.8565300e+03
   1.8289301e+03
   1.7385601e+03
   1.7809200e+03
   2.1637400e+03
   2.0786599e+03
   1.8086700e+03
   1.7265900e+03
   1.8947800e+03
   2.0606899e+03
   2.1526599e+03
   2.1178799e+03
   2.0598401e+03
   1.8966100e+03
   1.8636899e+03
   1.8694001e+03
   1.8306899e+03
   1.7065699e+03
   1.4920699e+03
   1.7094700e+03
   1.5846600e+03
   1.5643800e+03
   1.5659200e+03
   1.7897800e+03
   1.7660000e+03
   1.5834100e+03
   1.3979500e+03
   1.3608500e+03
   1.0983600e+03
   1.0758300e+03
   8.5758099e+02
   1.2727000e+03
   1.0413900e+03
   1.1746300e+03
   1.3638300e+03
   1.1106000e+03
   1.1106000e+03
   1.1255601e+03
   1.4703101e+03
   1.4617300e+03
   1.6753101e+03
   1.7343500e+03
   1.7651200e+03
   1.7035300e+03
   1.7035300e+03
   1.8074200e+03
   1.9277400e+03
   1.9819600e+03
   2.1562300e+03
   2.0812800e+03
   1.9940300e+03
   1.9797500e+03
   2.0401801e+03
   2.0175200e+03
   2.0458101e+03
   1.9388600e+03
   1.7732000e+03
   1.7290200e+03
   1.7008500e+03
   1.7016000e+03
   1.5969700e+03
   1.1740500e+03
   1.3472100e+03
   1.1214000e+03
   1.1523101e+03
   1.2090000e+03
   1.4328101e+03
   1.0744000e+03
   1.0945500e+03
   1.1050699e+03
   1.3100699e+03
   1.2781899e+03
   1.3196899e+03
   1.3234200e+03
   1.4562000e+03
   1.7779399e+03
   1.9102400e+03
   1.9173000e+03
   1.7994500e+03
   1.9028800e+03
   1.7185200e+03
   1.4702700e+03
   1.6650100e+03
   1.6462100e+03
   1.8300300e+03
   1.8827300e+03
   1.9817900e+03
   1.8514399e+03
   1.7622100e+03
   2.1000400e+03
   2.1114399e+03
   2.0130300e+03
   1.8061000e+03
   2.0100500e+03
   1.9316300e+03
   1.8105500e+03
   1.9028600e+03
   1.9855900e+03
   2.1613999e+03
   2.1384800e+03
   2.0713899e+03
   2.0879502e+03
   1.9733500e+03
   1.9162800e+03
   1.8179800e+03
   1.8961801e+03
   1.7645300e+03
   1.2658101e+03
   1.2748500e+03
   1.4316400e+03
   1.5601100e+03
   1.8099100e+03
   1.8099100e+03
   1.9527200e+03
   2.0293400e+03
   1.8172200e+03
   2.1011201e+03
   1.9677100e+03
   1.8187000e+03
   1.7732900e+03
   1.3901200e+03
   1.3362400e+03
   1.6544700e+03
   1.6320300e+03
   1.6379600e+03
   1.5815400e+03
   1.5844800e+03
   1.5194500e+03
   1.5472000e+03
   1.4462100e+03
   1.4475100e+03
   1.4486400e+03
   1.4147700e+03
   1.3750400e+03
   1.2602600e+03
   1.3018800e+03
   1.2180000e+03
   1.1113101e+03
   1.1672400e+03
   1.0299500e+03
   9.9882996e+02
   1.0354701e+03
   9.1891400e+02
   8.3299701e+02
   7.7541302e+02
   8.2521600e+02
   9.0796204e+02
   8.1326801e+02
   9.3576501e+02
   7.7153595e+02
   7.6929297e+02
   7.7310498e+02
   1.9811200e+03
   1.9488800e+03
   9.0291998e+02
   1.2997200e+03
   1.9144100e+03
   1.0177100e+03
   1.3530200e+03
   8.0682397e+02
   1.1908101e+03
   1.3530200e+03
   9.3368103e+02
   2.1030500e+03
   1.0809100e+03
   1.2186200e+03
   1.7126899e+03
   1.8298300e+03
   1.6794200e+03
   1.3006400e+03
   1.1793300e+03
   1.0013200e+03
   1.6609600e+03
   1.0981899e+03
   1.3141000e+03
   7.2130701e+02
   1.1870400e+03
   1.5788101e+03
   1.1043900e+03
   1.0195700e+03
   9.7744000e+02
   7.0466699e+02
   1.5648600e+03
   1.4920000e+03
   1.4033300e+03
   1.0981899e+03
   1.6226801e+03
   9.1484100e+02
   2.1242100e+03
   5.9570203e+02
   5.8791302e+02
   1.8933000e+03
   2.0096100e+03
   9.3164001e+02
   1.6795300e+03
   1.9872700e+03
   1.9353300e+03
   8.1510303e+02
   2.1466001e+03
   2.0096100e+03
   2.1466001e+03
   1.9581500e+03
   1.8807000e+03
   1.1800699e+03
   7.7084998e+02
   1.2081000e+03
   1.6825000e+03
   2.1100000e+03
   1.1035601e+03
   9.5134198e+02
   1.5086700e+03
   1.1148900e+03
   1.0595400e+03
   8.6754700e+02
   1.2793101e+03
   7.7004803e+02
   1.1295100e+03
   1.1136400e+03
   9.8029498e+02
   1.1189500e+03
   1.0389600e+03
   1.1159600e+03
   1.4186300e+03
   7.6815503e+02
   7.7630005e+02
   1.3345800e+03
   1.1511300e+03
   9.1714600e+02
   9.7969397e+02
   1.0389600e+03
   1.1119900e+03
   1.1610000e+03
   1.3533000e+03
   7.6830298e+02
   9.2560999e+02
   9.7986298e+02
   1.0367200e+03
   1.1105900e+03
   1.1302600e+03
   1.4491000e+03
   9.0071100e+02
   9.7350098e+02
   1.1671000e+03
   1.0968500e+03
   1.0968500e+03
   1.5039200e+03
   9.3020099e+02
   9.8792297e+02
   1.5045300e+03
   1.8270200e+03
   2.0282600e+03
   1.7404401e+03
   1.2598400e+03
   1.3265699e+03
   1.6413101e+03
   8.1888300e+02
   8.9440698e+02
   9.6036102e+02
   1.7255400e+03
   1.1791500e+03
   1.7154301e+03
   1.4796899e+03
   1.2297300e+03
   1.0395100e+03
   7.5891400e+02
   8.2259100e+02
   1.3979900e+03
   9.1975403e+02
   8.7078998e+02
   1.6225601e+03
   1.6879900e+03
   9.4430499e+02
   4.8552200e+02
   1.9872700e+03
   1.8232200e+03
   8.6380798e+02
   7.6357703e+02
   7.8720697e+02
   8.2942902e+02
   7.7017603e+02
   2.0086699e+03
   1.1795601e+03
   1.2063900e+03
   1.3508600e+03
   1.2281600e+03
   1.2281600e+03
   7.7539801e+02
   7.7150897e+02
   7.4382800e+02
   7.9634302e+02
   1.0761801e+03
   1.2960900e+03
   1.0766801e+03
   1.0734399e+03
   7.6847101e+02
   1.0187700e+03
   1.2498199e+03
   9.9783801e+02
   1.5626400e+03
   1.8396899e+03
   1.5852200e+03
   1.5960000e+03
   1.8847400e+03
   1.7832800e+03
   1.2385300e+03
   1.3454000e+03
   1.3169700e+03
   1.2429100e+03
   1.3353101e+03
   1.2460699e+03
   1.6323199e+03
   1.4339500e+03
   1.4849700e+03
   7.6712299e+02
   9.0074402e+02
   1.0373900e+03
   9.1346997e+02
   1.5106100e+03
   1.1106000e+03
   7.9330902e+02
   1.7156899e+03
   1.6985400e+03
   1.8865100e+03
   1.7301300e+03
   1.7861200e+03
   1.2800500e+03
   1.1375100e+03
   1.7393300e+03
   1.5666300e+03
   1.2343900e+03
   1.1870400e+03
   1.4199100e+03
   1.2904600e+03
   1.2566100e+03
   1.5657800e+03
   1.2363300e+03
   1.2674900e+03
   1.2886300e+03
   1.1011300e+03
   1.1809000e+03
   8.1399103e+02
   5.5147302e+02
   1.8121100e+03
   2.0051201e+03
   1.3852100e+03
   8.2420502e+02
   1.5949000e+03
   1.1798199e+03
   1.1798199e+03
   1.2582200e+03
   1.6632900e+03
   1.2545400e+03
   1.1532200e+03
   1.3295500e+03
   7.7707202e+02
   7.7778802e+02
   1.0748199e+03
   1.4728600e+03
   1.0435900e+03
   7.6815503e+02
   7.6774200e+02
   7.6813599e+02
   7.6746301e+02
   7.5728302e+02
   7.6777899e+02
   8.5124707e+02
   7.6622400e+02
   7.7907507e+02
   7.6815503e+02
   1.0847800e+03
   9.8892798e+02
   1.0833101e+03
   9.9747498e+02
   1.0738600e+03
   9.9902399e+02
   1.1026300e+03
   1.1422100e+03
   9.2985999e+02
   1.1838300e+03
   1.0066000e+03
   9.9559100e+02
   1.1389301e+03
   1.8451200e+03
   1.7035699e+03
   1.6849800e+03
   1.9072100e+03
   1.6556100e+03
   1.6849800e+03
   1.8314100e+03
   2.0671699e+03
   1.7031000e+03
   1.2917700e+03
   1.3405699e+03
   1.3664700e+03
   1.2137500e+03
   1.4235500e+03
   1.5382300e+03
   1.9774899e+03
   1.6060400e+03
   1.5382300e+03
   1.4130601e+03
   8.2302802e+02
   1.5926600e+03
   1.4309800e+03
   1.6896401e+03
   1.3149500e+03
   1.2563000e+03
   1.0361300e+03
   8.8775000e+02
   8.6380798e+02
   7.6647601e+02
   1.6626899e+03
   1.6047600e+03
   1.5729700e+03
   1.7265900e+03
   1.9777000e+03
   1.1521000e+03
   1.1043900e+03
   1.1212400e+03
   1.0489301e+03
   1.0550400e+03
   1.7928400e+03
   1.4515400e+03
   1.6061400e+03
   1.2906899e+03
   1.1673700e+03
   1.6464399e+03
   1.1460800e+03
   1.0695699e+03
   1.1461300e+03
   1.1008101e+03
   1.0650200e+03
   9.6851099e+02
   8.1920801e+02
   5.0299600e+02
   5.1503802e+02
   1.6664100e+03
   8.3083698e+02
   1.0413900e+03
   7.8671100e+02
   7.6299597e+02
   1.3141899e+03
   1.2198400e+03
   1.6492300e+03
   7.8110400e+02
   7.7902197e+02
   7.3729797e+02
   7.7675403e+02
   7.3707300e+02
   7.3330200e+02
   5.6906403e+02
   7.2134302e+02
   7.5672198e+02
   7.1760797e+02
   7.3164697e+02
   5.7892999e+02
   7.1518103e+02
   7.8800403e+02
   7.3565302e+02
   1.0734399e+03
   1.0288199e+03
   1.1320100e+03
   9.4195697e+02
   9.8257397e+02
   9.8257397e+02
   9.7773297e+02
   7.6724799e+02
   7.6568903e+02
   1.0878600e+03
   9.2560999e+02
   9.7157501e+02
   1.3700100e+03
   1.1149700e+03
   1.6515800e+03
   1.2432100e+03
   1.7965699e+03
   1.2447000e+03
   1.4849700e+03
   1.7871300e+03
   8.6076099e+02
   7.6499799e+02
   1.5179800e+03
   1.0022800e+03
   1.5666300e+03
   1.5693900e+03
   1.6218101e+03
   1.6738800e+03
   1.6609600e+03
   1.2755900e+03
   1.8016000e+03
   1.2841100e+03
   1.3305601e+03
   1.8099100e+03
   1.2886300e+03
   1.2971300e+03
   1.3527800e+03
   1.3290200e+03
   1.3009100e+03
   1.3235699e+03
   1.3324500e+03
   1.0737900e+03
   1.5826300e+03
   9.2947302e+02
   7.7172198e+02
   8.4539899e+02
   5.1378302e+02
   7.4607898e+02
   4.7016101e+02
   4.7683499e+02
   1.1216200e+03
   4.9282800e+02
   4.7905499e+02
   4.9477600e+02
   6.1027899e+02
   1.7679200e+03
   1.7443400e+03
   2.0064199e+03
   7.3582800e+02
   7.9418201e+02
   1.1955100e+03
   1.3777100e+03
   5.9424902e+02
   7.1422998e+02
   7.8691699e+02
   7.6917603e+02
   7.7646802e+02
   7.2739496e+02
   7.3752496e+02
   7.5400500e+02
   7.3050800e+02
   7.1994098e+02
   7.2198700e+02
   7.1392096e+02
   7.1561603e+02
   7.3328394e+02
   7.2011102e+02
   9.1898401e+02
   9.7760400e+02
   1.9609000e+03
   1.1095601e+03
   1.2582900e+03
   1.1274900e+03
   1.2432100e+03
   1.1173700e+03
   1.0697500e+03
   1.5122800e+03
   1.7776000e+03
   1.3087500e+03
   1.5038600e+03
   1.2769100e+03
   1.2394000e+03
   7.6992700e+02
   1.5581899e+03
   1.4804200e+03
   1.6192600e+03
   1.9137000e+03
   1.0705100e+03
   1.6867700e+03
   1.8131400e+03
   1.4158300e+03
   1.7831100e+03
   1.4392300e+03
   1.7026600e+03
   1.3074600e+03
   1.2220601e+03
   1.2202200e+03
   1.2928101e+03
   1.3881899e+03
   1.8024200e+03
   1.7976100e+03
   1.3867700e+03
   1.7961801e+03
   1.4484100e+03
   1.0707700e+03
   1.0084500e+03
   1.2454200e+03
   1.1622000e+03
   9.5366498e+02
   1.5732500e+03
   9.4786298e+02
   9.5366498e+02
   8.4519501e+02
   8.3586401e+02
   9.2344299e+02
   9.9360699e+02
   9.1796198e+02
   8.6188599e+02
   8.8726801e+02
   8.5294397e+02
   8.7639099e+02
   8.3386200e+02
   8.5294397e+02
   9.0191199e+02
   9.0191199e+02
   8.8875800e+02
   1.2167600e+03
   9.6307800e+02
   8.8010400e+02
   8.7307001e+02
   8.7960699e+02
   9.0063300e+02
   7.8116400e+02
   9.1796198e+02
   8.1656299e+02
   1.6840601e+03
   1.8709500e+03
   7.5802899e+02
   7.4546600e+02
   8.2465802e+02
   7.3532098e+02
   7.6893402e+02
   7.5820001e+02
   7.6299597e+02
   8.7046301e+02
   7.7248901e+02
   1.3880900e+03
   9.5382599e+02
   1.0181500e+03
   9.0539301e+02
   8.5716498e+02
   7.7017603e+02
   7.6357703e+02
   8.3440002e+02
   7.9418201e+02
   8.9279102e+02
   7.5912701e+02
   1.0114300e+03
   9.4056201e+02
   9.8459900e+02
   8.9883502e+02
   7.7908698e+02
   1.1761300e+03
   1.2365500e+03
   1.3934500e+03
   7.1723700e+02
   5.7704901e+02
   7.0672400e+02
   4.9516101e+02
   7.0672400e+02
   5.5073199e+02
   7.1454901e+02
   7.1780103e+02
   7.2851703e+02
   7.2180298e+02
   7.3708899e+02
   7.2429401e+02
   7.2452203e+02
   7.1479102e+02
   7.1520203e+02
   1.8832400e+03
   1.5990100e+03
   1.5184800e+03
   1.1514500e+03
   1.1514500e+03
   8.7250800e+02
   1.3890200e+03
   1.6716200e+03
   2.1309900e+03
   1.6683300e+03
   1.7339700e+03
   1.6764200e+03
   1.8763199e+03
   1.3675400e+03
   1.4118900e+03
   1.4545100e+03
   1.9027200e+03
   1.5486600e+03
   1.5926500e+03
   1.7171899e+03
   1.5138800e+03
   1.4672700e+03
   1.6211899e+03
   1.9154000e+03
   1.6152900e+03
   1.5483500e+03
   8.1649298e+02
   8.3680603e+02
   9.4986200e+02
   1.0057800e+03
   9.6936700e+02
   9.6554303e+02
   7.9731702e+02
   7.5801501e+02
   1.0443300e+03
   1.0443300e+03
   1.4120500e+03
   1.0804500e+03
   7.9909302e+02
   1.2624399e+03
   1.3362800e+03
   1.7843900e+03
   1.3548700e+03
   1.8001600e+03
   1.4295300e+03
   5.2854498e+02
   7.3720294e+02
   7.2418304e+02
   7.1970404e+02
   7.1643402e+02
   7.3410303e+02
   8.9034802e+02
   8.0062299e+02
   1.3472100e+03
   7.7100897e+02
   9.9081897e+02
   8.2442200e+02
   1.5322700e+03
   8.7015698e+02
   7.8759399e+02
   9.4658899e+02
   8.0013702e+02
   7.7264801e+02
   7.5480603e+02
   7.7100897e+02
   7.6604102e+02
   7.6787097e+02
   7.5299500e+02
   8.8136700e+02
   7.5762701e+02
   7.8718701e+02
   8.7903400e+02
   7.8623798e+02
   7.7224402e+02
   7.3005298e+02
   1.4185400e+03
   1.8024600e+03
   1.6387500e+03
   1.4869399e+03
   8.6840997e+02
   8.0672101e+02
   9.1497699e+02
   8.8304797e+02
   1.0680400e+03
   7.4201599e+02
   9.6767499e+02
   8.4874500e+02
   1.2674600e+03
   5.0920300e+02
   4.6767801e+02
   5.9913898e+02
   4.8044501e+02
   4.8783200e+02
   4.8495001e+02
   8.5405798e+02
   5.7754102e+02
   8.8136700e+02
   8.4032898e+02
   1.8289301e+03
   1.4948101e+03
   1.8777400e+03
   1.5828500e+03
   1.0327000e+03
   1.0018300e+03
   1.5815400e+03
   1.2571500e+03
   1.5338101e+03
   1.5604200e+03
   1.2536100e+03
   7.6001501e+02
   7.8837701e+02
   7.7172198e+02
   7.5480603e+02
   1.2323199e+03
   1.2467900e+03
   1.2938199e+03
   1.7937000e+03
   1.9029700e+03
   1.4816100e+03
   1.5560699e+03
   6.0250702e+02
   8.6146100e+02
   9.4056201e+02
   8.1738702e+02
   1.0753600e+03
   1.4773101e+03
   1.0459000e+03
   1.3953300e+03
   1.4465300e+03
   1.4660900e+03
   7.2956702e+02
   1.4415699e+03
   1.1162400e+03
   1.0804500e+03
   1.7505200e+03
   1.4092800e+03
   1.1426801e+03
   1.4809600e+03
   1.1062900e+03
   1.3603800e+03
   1.4244301e+03
   1.1464900e+03
   9.1927197e+02
   1.3666500e+03
   1.3718199e+03
   1.3718199e+03
   1.4312500e+03
   1.7505200e+03
   1.3632700e+03
   9.9659302e+02
   9.2269598e+02
   1.4917400e+03
   1.5228000e+03
   1.0561200e+03
   9.0644202e+02
   1.4607800e+03
   1.8775199e+03
   1.4973199e+03
   1.3550400e+03
   1.4966700e+03
   9.0043201e+02
   1.3202600e+03
   1.1569900e+03
   8.4624500e+02
   8.4624500e+02
   7.6345203e+02
   1.5060000e+03
   1.0534700e+03
   1.5228199e+03
   1.2665000e+03
   1.2914600e+03
   1.2682000e+03
   1.5210300e+03
   1.0534700e+03
   9.6802502e+02
   6.1150000e+02
   5.2736401e+02
   2.0826001e+03
   1.0021300e+03
   1.8917500e+03
   1.5846600e+03
   1.3516200e+03
   1.4774200e+03
   1.6697500e+03
   1.2598400e+03
   1.2598400e+03
   1.2429100e+03
   1.1933800e+03
   1.2498101e+03
   1.5093700e+03
   1.2625601e+03
   1.6983301e+03
   1.2545400e+03
   1.2475699e+03
   1.6873101e+03
   1.3692200e+03
   1.7016000e+03
   1.3019301e+03
   1.2545400e+03
   1.4284399e+03
   1.2325300e+03
   8.6967798e+02
   1.7679000e+03
   1.7301300e+03
   1.1702300e+03
   1.1325699e+03
   1.8603199e+03
   2.0244301e+03
   1.1309800e+03
   1.1154100e+03
   1.1193000e+03
   1.1849200e+03
   1.2907100e+03
   1.2907100e+03
   8.8640997e+02
   7.8248096e+02
   7.8946692e+02
   7.8946692e+02
   9.0034198e+02
   7.9548602e+02
   7.7127301e+02
   7.8657001e+02
   1.2417600e+03
   1.4007900e+03
   1.3047200e+03
   1.7273101e+03
   1.6882700e+03
   1.6232600e+03
   1.9009100e+03
   1.7228000e+03
   1.5513400e+03
   8.0794598e+02
   1.9747200e+03
   1.8923400e+03
   1.5966801e+03
   1.3266700e+03
   9.6000098e+02
   8.5819897e+02
   5.4714502e+02
   7.6820398e+02
   7.6657202e+02
   7.4037598e+02
   7.6692102e+02
   7.6565399e+02
   5.6284601e+02
   5.1559497e+02
   6.3748602e+02
   1.2391300e+03
   1.3016400e+03
   1.6566600e+03
   2.0713899e+03
   2.0879502e+03
   1.6531899e+03
   1.4173101e+03
   1.4800800e+03
   5.8375098e+02
   4.7402399e+02
   5.0920901e+02
   6.8950201e+02
   4.5819400e+02
   8.4351703e+02
   6.0512903e+02
   5.6446399e+02
   5.9967902e+02
   1.0108300e+03
   1.2865900e+03
   1.5733300e+03
   1.2769100e+03
   1.2806400e+03
   1.4752900e+03
   1.2892900e+03
   1.2160200e+03
   1.7292899e+03
   1.2165900e+03
   1.7506000e+03
   1.3243300e+03
   1.3964700e+03
   1.3369900e+03
   1.3215400e+03
   1.3005800e+03
   1.8289301e+03
   1.5179800e+03
   1.5729700e+03
   1.3290200e+03
   1.1198500e+03
   9.9856897e+02
   9.8029498e+02
   9.1951898e+02
   7.5667200e+02
   7.8692499e+02
   7.7248901e+02
   8.1362903e+02
   7.4590802e+02
   8.8495697e+02
   1.4096000e+03
   1.0259200e+03
   7.2464398e+02
   1.9578300e+03
   1.6796000e+03
   1.6999500e+03
   2.1562600e+03
   1.6725800e+03
   1.7255900e+03
   2.0559099e+03
   1.7530800e+03
   1.8052800e+03
   1.7171899e+03
   1.7254000e+03
   1.7681500e+03
   1.7085900e+03
   1.7023700e+03
   1.6085699e+03
   1.6304800e+03
   1.4392900e+03
   9.5726202e+02
   7.4789203e+02
   8.0192902e+02
   7.6717297e+02
   5.3207501e+02
   4.9995499e+02
   8.6666699e+02
   7.8349701e+02
   5.5152698e+02
   8.0145801e+02
   6.5135199e+02
   5.7484003e+02
   5.2091901e+02
   4.9540302e+02
   4.9120300e+02
   4.8702100e+02
   5.1076199e+02
   4.8221701e+02
   6.5135199e+02
   4.8624799e+02
   4.8557999e+02
   4.8532501e+02
   4.6850900e+02
   4.5325101e+02
   4.7227499e+02
   5.4172900e+02
   4.6590500e+02
   4.7271899e+02
   4.7240701e+02
   5.1151700e+02
   4.8108801e+02
   4.9469901e+02
   5.0891599e+02
   6.0893500e+02
   5.2053998e+02
   5.4586102e+02
   4.6876099e+02
   4.5835901e+02
   4.5014999e+02
   4.8108801e+02
   5.8148999e+02
   4.9469901e+02
   5.3296100e+02
   6.4800598e+02
   6.6628198e+02
   6.6642902e+02
   9.0842902e+02
   6.5015997e+02
   4.5641699e+02
   6.8388202e+02
   5.3876398e+02
   5.3876398e+02
   5.2537500e+02
   4.7000601e+02
   4.5776199e+02
   5.1442999e+02
   5.5371997e+02
   5.3453900e+02
   6.6642902e+02
   5.9904901e+02
   4.4020300e+02
   4.9978299e+02
   7.6430298e+02
   6.9964600e+02
   9.8866003e+02
   5.0829800e+02
   4.4442300e+02
   4.4442300e+02
   4.4039700e+02
   4.4745801e+02
   4.4745801e+02
   5.0491901e+02
   5.0392801e+02
   9.8866003e+02
   4.5483600e+02
   6.1649200e+02
   4.5352701e+02
   5.2028699e+02
   4.4287000e+02
   6.1845898e+02
   4.5483600e+02
   4.5377701e+02
   4.4020300e+02
   6.8791302e+02
   1.0239600e+03
   6.5360999e+02
   1.0799500e+03
   5.2206897e+02
   6.7935999e+02
   4.5699600e+02
   5.3509198e+02
   4.7289301e+02
   6.4501801e+02
   5.8699597e+02
   7.1085901e+02
   1.0863500e+03
   5.9394202e+02
   8.3957397e+02
   1.1726400e+03
   7.5620697e+02
   7.1769000e+02
   1.1726400e+03
   8.9615302e+02
   1.1649900e+03
   5.8732001e+02
   6.3053601e+02
   6.8334497e+02
   5.6403699e+02
   5.3306097e+02
   5.2170300e+02
   5.5584198e+02
   6.5346301e+02
   5.2697302e+02
   5.9796600e+02
   6.0236298e+02
   6.3053601e+02
   6.6834802e+02
   6.9331702e+02
   1.2178201e+03
   6.9915997e+02
   6.3831097e+02
   1.1589500e+03
   8.3843402e+02
   8.9833801e+02
   6.6616901e+02
   7.5782300e+02
   8.8591400e+02
   1.3100000e+03
   7.3128003e+02
   8.6660797e+02
   1.2265100e+03
   8.4234399e+02
   7.7320599e+02
   6.7732599e+02
   6.9767700e+02
   7.1645599e+02
   7.0668597e+02
   7.7718402e+02
   6.9826898e+02
   7.0308197e+02
   7.1872601e+02
   6.9176300e+02
   6.3878400e+02
   6.9176300e+02
   7.1989801e+02
   6.9828003e+02
   7.6865802e+02
   9.1497699e+02
   7.2956702e+02
   1.3103600e+03
   1.7895601e+03
   1.3973300e+03
   1.8241300e+03
   1.7072800e+03
   1.7117500e+03
   1.1822300e+03
   1.1483600e+03
   1.8525500e+03
   1.5117800e+03
   1.3843199e+03
   7.5527899e+02
   7.9583099e+02
   8.6325000e+02
   8.3771600e+02
   9.4990100e+02
   1.1353800e+03
   9.9124298e+02
   8.6168597e+02
   1.8304200e+03
   1.4605400e+03
   1.3480601e+03
   1.5015601e+03
   1.3427600e+03
   1.2355601e+03
   7.7537799e+02
   1.9310400e+03
   2.0262800e+03
   1.9993500e+03
   1.9210200e+03
   1.5618400e+03
   1.2545400e+03
   1.2751000e+03
   1.4846801e+03
   1.2545400e+03
   1.3220000e+03
   1.4358500e+03
   1.7016000e+03
   1.8298300e+03
   2.1940100e+03
   1.6974700e+03
   7.6795599e+02
   1.6232600e+03
   1.9380900e+03
   1.7228000e+03
   1.6882700e+03
   9.0300702e+02
   1.1861801e+03
   8.5979700e+02
   7.7537799e+02
   9.1276001e+02
   7.5315802e+02
   6.1259497e+02
   7.3725000e+02
   7.7210901e+02
   6.5288202e+02
   6.4849902e+02
   6.5894202e+02
   6.7313300e+02
   6.8081201e+02
   6.8565399e+02
   7.1508197e+02
   6.5174103e+02
   5.9996802e+02
   7.0698901e+02
   8.2610699e+02
   7.6686798e+02
   7.3358600e+02
   7.6950500e+02
   7.4110901e+02
   1.3938000e+03
   5.1559497e+02
   4.9649799e+02
   4.8090701e+02
   1.7308800e+03
   1.4525699e+03
   1.3283400e+03
   1.5408500e+03
   1.4400500e+03
   1.3493000e+03
   1.2629600e+03
   2.0980803e+03
   1.2779200e+03
   1.4864500e+03
   1.2539800e+03
   1.3456100e+03
   1.4649399e+03
   1.4262900e+03
   1.7345699e+03
   1.3011700e+03
   1.4218101e+03
   1.4494399e+03
   1.4018101e+03
   1.5551200e+03
   1.4123000e+03
   1.4541300e+03
   1.4078800e+03
   1.4218101e+03
   1.2608900e+03
   1.2844200e+03
   1.2505601e+03
   1.2797700e+03
   1.2482700e+03
   1.2677800e+03
   1.2482700e+03
   1.3127200e+03
   1.2618500e+03
   1.2629600e+03
   1.3283400e+03
   1.4080800e+03
   1.4080800e+03
   1.9378300e+03
   1.2499900e+03
   1.4013700e+03
   1.4080800e+03
   1.5551200e+03
   1.2889100e+03
   1.3266700e+03
   1.2581300e+03
   1.4281801e+03
   1.3327100e+03
   1.2764600e+03
   1.4116300e+03
   1.5551000e+03
   1.4476600e+03
   1.4948900e+03
   1.4476600e+03
   1.2539800e+03
   1.2748199e+03
   1.2629600e+03
   1.3920000e+03
   1.3241600e+03
   1.3124800e+03
   1.2890100e+03
   1.2939200e+03
   1.5145400e+03
   1.3129100e+03
   1.3811899e+03
   1.3174301e+03
   1.5761400e+03
   1.4372400e+03
   2.0385000e+03
   1.2766801e+03
   1.5617100e+03
   1.3040900e+03
   1.4874200e+03
   1.4265601e+03
   1.3867600e+03
   1.4617300e+03
   1.3436500e+03
   1.3200900e+03
   1.4350900e+03
   1.3140300e+03
   1.4350900e+03
   1.3387000e+03
   1.3456500e+03
   1.2905300e+03
   1.4821700e+03
   1.5524301e+03
   1.5895900e+03
   1.5722900e+03
   1.4111500e+03
   1.4464301e+03
   1.4466100e+03
   1.2832100e+03
   2.1897900e+03
   2.0024600e+03
   2.0089800e+03
   1.7263400e+03
   2.1155701e+03
   2.0699600e+03
   1.9536000e+03
   2.0463601e+03
   1.7359800e+03
   2.2963601e+03
   2.2432700e+03
   2.1443601e+03
   1.4650699e+03
   1.5722900e+03
   1.7188900e+03
   1.3869700e+03
   1.5274900e+03
   1.4635200e+03
   1.5290900e+03
   1.5290900e+03
   1.3458600e+03
   2.0430801e+03
   1.7298300e+03
   2.1548000e+03
   1.8943800e+03
   1.7074800e+03
   1.8312000e+03
   2.0699600e+03
   1.6219700e+03
   1.5656700e+03
   1.6574900e+03
   1.5522900e+03
   2.1320100e+03
   1.5500500e+03
   1.5522900e+03
   1.7525400e+03
   1.6005500e+03
   1.6372600e+03
   1.5588101e+03
   1.6680601e+03
   1.6061000e+03
   1.5645000e+03
   1.8041899e+03
   1.5523000e+03
   1.6743800e+03
   1.5627200e+03
   1.8586500e+03
   2.0349900e+03
   1.2092400e+03
   7.6943903e+02
   7.7248901e+02
   8.2180402e+02
   8.4402802e+02
   7.9703497e+02
   1.6738800e+03
   1.8056100e+03
   1.8842300e+03
   2.1562600e+03
   1.8808101e+03
   5.9832898e+02
   7.5701703e+02
   6.4593500e+02
   4.8624799e+02
   7.2616101e+02
   4.9658200e+02
   4.7289301e+02
   4.9658200e+02
   9.1630798e+02
   1.1696699e+03
   9.1630798e+02
   6.9395099e+02
   9.9065302e+02
   7.4353998e+02
   6.9678699e+02
   6.9025897e+02
   6.7910199e+02
   7.4353998e+02
   6.9063501e+02
   6.8063397e+02
   7.0668597e+02
   9.4177899e+02
   7.8496802e+02
   1.3100000e+03
   8.7180798e+02
   9.0909497e+02
   9.0909497e+02
   7.7391101e+02
   1.3750400e+03
   1.0402000e+03
   8.2709900e+02
   1.0307900e+03
   8.8495697e+02
   1.0402000e+03
   7.3128003e+02
   6.9029700e+02
   1.0796801e+03
   7.7478003e+02
   7.6296698e+02
   8.4694397e+02
   1.2339301e+03
   1.1861801e+03
   2.1234800e+03
   2.0296899e+03
   2.0292800e+03
   2.2099399e+03
   1.9645800e+03
   1.9645800e+03
   2.0323300e+03
   2.0523000e+03
   1.3198900e+03
   1.7242100e+03
   1.9868700e+03
   1.7228000e+03
   1.8218500e+03
   1.8215000e+03
   1.6826200e+03
   1.8722400e+03
   1.6518700e+03
   1.6826200e+03
   8.5979700e+02
   8.6648700e+02
   9.0033099e+02
   9.1837799e+02
   1.2733600e+03
   9.3877899e+02
   9.5696802e+02
   1.2765699e+03
   6.4953998e+02
   6.1734497e+02
   5.8807703e+02
   5.9534302e+02
   6.3878400e+02
   6.0771100e+02
   7.1872601e+02
   7.0936902e+02
   1.5966801e+03
   1.4018101e+03
   1.8995500e+03
   1.6485500e+03
   1.4640601e+03
   1.4083101e+03
   1.3920000e+03
   1.2584000e+03
   1.2471000e+03
   1.5460300e+03
   1.9242700e+03
   1.6959100e+03
   1.6101300e+03
   1.8191600e+03
   1.3257600e+03
   1.4258700e+03
   1.6326801e+03
   1.6749900e+03
   1.5691801e+03
   2.0042000e+03
   2.2852300e+03
   1.8622500e+03
   1.7478500e+03
   1.8766700e+03
   1.7078800e+03
   1.5795200e+03
   1.6798600e+03
   6.9915997e+02
   7.0088800e+02
   7.0301801e+02
   6.3589301e+02
   1.0095600e+03
   7.9610199e+02
   6.6167200e+02
   7.7537799e+02
   6.5857599e+02
   6.5080603e+02
   5.9722699e+02
   1.1993700e+03
   6.2782800e+02
   8.4694397e+02
   1.7273101e+03
   2.1375200e+03
   1.7301300e+03
   1.7469200e+03
   1.7773000e+03
   1.6791500e+03
   1.6791500e+03
   2.0051201e+03
   1.6518700e+03
   1.6521400e+03
   1.6521400e+03
   1.4590699e+03
   1.5290900e+03
   2.0430801e+03
   1.6927000e+03
   1.7334700e+03
   1.7198800e+03
   1.8534000e+03
   1.8139800e+03
   1.9640800e+03
   1.7824700e+03
   1.9632900e+03
   2.0162300e+03
   2.0135800e+03
   1.8000601e+03
   1.9676801e+03
   1.9248000e+03
   1.7539500e+03
   1.6623600e+03
   1.7622100e+03
   1.7948900e+03
   1.7857400e+03
   1.8163300e+03
   1.9733700e+03
   1.9803199e+03
   1.6525100e+03
   1.2691600e+03
   1.7670601e+03
   1.8790699e+03
   1.6729600e+03
   1.6175500e+03
   1.5901200e+03
   1.5840900e+03
   1.7578300e+03
   2.0164800e+03
   1.7900100e+03
   1.6905000e+03
   1.9377200e+03
   1.8675900e+03
   1.7931300e+03
   1.6584800e+03
   1.7434200e+03
   1.6398800e+03
   1.6792400e+03
   1.1481600e+03
   1.7283900e+03
   1.0755100e+03
   1.6676199e+03
   1.3012600e+03
   1.2450800e+03
   1.5490800e+03
   1.6398800e+03
   1.7290200e+03
   1.4148800e+03
