   8.2786200e+02
   8.5266998e+02
   8.2813702e+02
   7.7501099e+02
   7.6238702e+02
   7.7018500e+02
   7.8334998e+02
   7.8176501e+02
   8.2802899e+02
   8.9509497e+02
   9.6191101e+02
   1.0297700e+03
   1.0530300e+03
   1.0862600e+03
   1.1205000e+03
   1.1412500e+03
   1.1836300e+03
   1.2593199e+03
   1.2750800e+03
   1.3243800e+03
   1.3728199e+03
   1.3803300e+03
   1.4193800e+03
   1.4366200e+03
   1.4883500e+03
   1.5467900e+03
   1.6293400e+03
   1.6407400e+03
   1.6768600e+03
   1.7608900e+03
   1.7828400e+03
   1.8900300e+03
   1.9159399e+03
   1.9363400e+03
   2.0019399e+03
   2.0293500e+03
   2.2147900e+03
   2.2067400e+03
   2.0627900e+03
   2.0523799e+03
   2.1227600e+03
   2.2062800e+03
   2.2058501e+03
   2.1698899e+03
   2.1117300e+03
   2.0417800e+03
   1.9542300e+03
   1.9208000e+03
   1.8917100e+03
   1.8289900e+03
   1.8031500e+03
   1.8085400e+03
   1.7348000e+03
   1.7005500e+03
   1.6822800e+03
   1.8425000e+03
   1.8210500e+03
   1.6437500e+03
   1.5127700e+03
   1.4440100e+03
   1.4027600e+03
   1.3980100e+03
   1.3908900e+03
   1.4265200e+03
   1.4375601e+03
   1.4764700e+03
   1.4941700e+03
   1.5273600e+03
   1.5380300e+03
   1.5630601e+03
   1.6647700e+03
   1.7004800e+03
   1.7533000e+03
   1.8124399e+03
   1.8458400e+03
   1.8727700e+03
   1.9209500e+03
   1.9809900e+03
   2.0431801e+03
   2.1394600e+03
   2.2496899e+03
   2.2345601e+03
   2.2148601e+03
   2.2018101e+03
   2.1982400e+03
   2.1030500e+03
   2.1005601e+03
   1.9891500e+03
   1.8359200e+03
   1.7794500e+03
   1.7518400e+03
   1.7527000e+03
   1.6480200e+03
   1.5267800e+03
   1.5465699e+03
   1.6089600e+03
   1.6344600e+03
   1.6549100e+03
   1.6600800e+03
   1.6777700e+03
   1.7010300e+03
   1.7051899e+03
   1.7123600e+03
   1.7311400e+03
   1.7380200e+03
   1.8216899e+03
   1.8557400e+03
   1.9043000e+03
   1.9618700e+03
   2.0105300e+03
   2.0160601e+03
   1.9922700e+03
   1.8919500e+03
   1.8666300e+03
   1.9408400e+03
   2.0086600e+03
   2.0669800e+03
   2.1535000e+03
   2.2078601e+03
   2.1823601e+03
   2.1786101e+03
   2.1792800e+03
   2.1870801e+03
   2.0926499e+03
   2.0719299e+03
   2.0825200e+03
   2.1117400e+03
   2.0945000e+03
   2.1231101e+03
   2.1855100e+03
   2.2268601e+03
   2.1944099e+03
   2.1397600e+03
   2.1406001e+03
   2.0526101e+03
   1.9993500e+03
   1.8980100e+03
   1.9554100e+03
   1.8450400e+03
   1.7215601e+03
   1.7395601e+03
   1.7964600e+03
   1.8413600e+03
   1.8723600e+03
   1.9029500e+03
   2.0099700e+03
   2.0941699e+03
   2.1347600e+03
   2.1636299e+03
   2.0630701e+03
   1.9133700e+03
   1.8486100e+03
   1.7387000e+03
   1.7059399e+03
   1.7055400e+03
   1.6948800e+03
   1.6948800e+03
   1.6539301e+03
   1.6354800e+03
   1.5865400e+03
   1.6015000e+03
   1.5362400e+03
   1.5180500e+03
   1.5099100e+03
   1.4970300e+03
   1.4429800e+03
   1.3870601e+03
   1.3621300e+03
   1.2948900e+03
   1.2091600e+03
   1.2195200e+03
   1.0972200e+03
   1.0718800e+03
   1.0864100e+03
   1.0391500e+03
   1.0205800e+03
   9.3259198e+02
   8.8028302e+02
   9.6087701e+02
   8.6343298e+02
   9.8727301e+02
   8.2156897e+02
   8.1946899e+02
   8.2317798e+02
   2.2070000e+03
   2.1977500e+03
   1.3940900e+03
   1.7265601e+03
   2.1907300e+03
   1.5073300e+03
   1.4267300e+03
   1.3878300e+03
   1.7300400e+03
   1.4197000e+03
   1.4010200e+03
   2.1593799e+03
   1.5410300e+03
   1.6581400e+03
   1.7700300e+03
   2.0794399e+03
   1.7635400e+03
   1.7478199e+03
   1.6293400e+03
   1.7117700e+03
   2.1081001e+03
   1.7238600e+03
   1.5154000e+03
   1.3843300e+03
   1.7687200e+03
   1.6415500e+03
   1.7137300e+03
   1.7285200e+03
   1.4949600e+03
   1.3817900e+03
   1.6462400e+03
   1.7742100e+03
   1.7586200e+03
   1.7422200e+03
   2.0093101e+03
   1.6332900e+03
   2.2525500e+03
   1.1501100e+03
   9.8077301e+02
   2.1457700e+03
   2.2287600e+03
   1.4817300e+03
   2.0686499e+03
   2.2269199e+03
   2.2022600e+03
   1.4934500e+03
   2.2124099e+03
   2.2301201e+03
   2.2215000e+03
   2.2012200e+03
   2.1424299e+03
   1.8314700e+03
   8.2090997e+02
   1.5943101e+03
   2.0240400e+03
   2.1631899e+03
   1.5560200e+03
   1.7010100e+03
   1.6487500e+03
   1.7147300e+03
   1.7499301e+03
   1.6093101e+03
   1.8296500e+03
   8.2057501e+02
   1.5660300e+03
   1.5817700e+03
   1.7009301e+03
   1.6871700e+03
   1.7413600e+03
   1.8167800e+03
   1.8548101e+03
   8.1827002e+02
   8.2690802e+02
   1.5729600e+03
   1.5968900e+03
   1.6875500e+03
   1.7053199e+03
   1.7340200e+03
   1.7552000e+03
   1.8213700e+03
   1.8455000e+03
   8.1832397e+02
   1.6939600e+03
   1.7075000e+03
   1.7399600e+03
   1.7706100e+03
   1.8310900e+03
   1.8651500e+03
   1.6928600e+03
   1.7059200e+03
   1.7611801e+03
   1.7612600e+03
   1.7660800e+03
   1.8886000e+03
   1.7001300e+03
   1.7123600e+03
   1.8946100e+03
   2.1179099e+03
   2.1186201e+03
   1.8201500e+03
   1.6874500e+03
   1.7402500e+03
   1.9704301e+03
   8.6962500e+02
   1.4233600e+03
   1.5040300e+03
   2.0963401e+03
   1.7633900e+03
   2.1858401e+03
   2.0590100e+03
   1.7964600e+03
   1.4069700e+03
   1.3989900e+03
   1.4025200e+03
   1.4484301e+03
   1.4199100e+03
   1.4304200e+03
   1.7224301e+03
   2.0275500e+03
   1.6507500e+03
   1.1245800e+03
   2.1982400e+03
   2.0745300e+03
   1.4844200e+03
   1.4701000e+03
   1.4751400e+03
   1.4666700e+03
   1.4848000e+03
   2.0779700e+03
   1.5589399e+03
   1.6121300e+03
   1.8525100e+03
   1.8381899e+03
   1.8466000e+03
   8.2553003e+02
   8.2317798e+02
   8.2773401e+02
   8.4710101e+02
   1.5458000e+03
   1.5057100e+03
   1.5349301e+03
   1.5052300e+03
   8.1848199e+02
   1.6819500e+03
   1.8099600e+03
   1.7129900e+03
   1.9249600e+03
   1.9296700e+03
   1.9299900e+03
   1.9449301e+03
   2.1142300e+03
   2.0730701e+03
   1.7905000e+03
   1.6993800e+03
   1.7346100e+03
   1.6596200e+03
   1.7428199e+03
   1.7172900e+03
   1.8286600e+03
   1.7757100e+03
   1.8292100e+03
   8.2727600e+02
   1.4158700e+03
   1.5136400e+03
   1.4985100e+03
   1.5652000e+03
   1.5362400e+03
   1.4998600e+03
   2.0893701e+03
   2.0528101e+03
   2.1638501e+03
   2.1227600e+03
   2.1070901e+03
   1.7558101e+03
   1.7434900e+03
   2.1729299e+03
   2.0907000e+03
   1.7908199e+03
   1.7694900e+03
   1.8218600e+03
   1.8125000e+03
   1.8366801e+03
   1.8670500e+03
   1.8174500e+03
   1.8169800e+03
   1.8444500e+03
   1.6609000e+03
   1.6621700e+03
   1.6439600e+03
   1.1208500e+03
   2.0838701e+03
   2.0557700e+03
   1.4449700e+03
   1.4745200e+03
   1.6501200e+03
   1.5934700e+03
   1.5864399e+03
   1.6228700e+03
   1.7133000e+03
   1.6634000e+03
   1.8373300e+03
   1.8743000e+03
   8.2785498e+02
   8.2853699e+02
   1.5293700e+03
   1.5457200e+03
   1.4928600e+03
   8.1830200e+02
   8.1817902e+02
   8.1833398e+02
   8.1785602e+02
   8.2426398e+02
   8.1786603e+02
   9.0243103e+02
   8.1825201e+02
   8.2941803e+02
   8.1946899e+02
   1.6842600e+03
   1.7061801e+03
   1.6719200e+03
   1.7009399e+03
   1.6780800e+03
   1.6726600e+03
   1.6766899e+03
   1.6551500e+03
   1.6906400e+03
   1.7812600e+03
   1.7248101e+03
   1.7099399e+03
   1.7212700e+03
   1.9922700e+03
   2.0003500e+03
   1.9516801e+03
   1.9848700e+03
   1.9952800e+03
   1.9574700e+03
   2.1392300e+03
   2.1467700e+03
   2.0280400e+03
   1.7979500e+03
   1.8304200e+03
   1.7876300e+03
   1.7801600e+03
   1.7789000e+03
   1.8374700e+03
   2.0287000e+03
   1.8743700e+03
   1.8384399e+03
   1.4801100e+03
   1.3960800e+03
   1.6437800e+03
   1.5648101e+03
   1.7397900e+03
   1.5824301e+03
   1.5516600e+03
   1.5139399e+03
   1.5069800e+03
   1.4992700e+03
   1.4942100e+03
   2.0211000e+03
   1.9862800e+03
   1.9595400e+03
   2.0616499e+03
   2.1585500e+03
   1.7281000e+03
   1.7213000e+03
   1.7297800e+03
   1.7142500e+03
   1.7164100e+03
   2.1421899e+03
   2.0568201e+03
   2.0939299e+03
   1.8714800e+03
   1.6592800e+03
   1.7390100e+03
   1.6616801e+03
   1.6582700e+03
   1.6594900e+03
   1.6609000e+03
   1.6671200e+03
   1.6568900e+03
   1.6421300e+03
   1.0908199e+03
   1.1386500e+03
   2.0418900e+03
   1.4368101e+03
   1.4556899e+03
   1.4473101e+03
   1.4736100e+03
   1.8659000e+03
   1.8522700e+03
   1.9161000e+03
   8.3224402e+02
   8.3006299e+02
   7.9325500e+02
   8.2809601e+02
   8.2146301e+02
   7.9325500e+02
   8.2704102e+02
   7.7520801e+02
   8.0868701e+02
   8.2759601e+02
   7.8494397e+02
   8.3947400e+02
   7.7903900e+02
   8.3863202e+02
   7.8639697e+02
   1.5049100e+03
   1.4871801e+03
   1.5249800e+03
   1.4497700e+03
   1.4705000e+03
   1.4790900e+03
   1.4627500e+03
   8.1883600e+02
   8.2426398e+02
   1.6648400e+03
   1.6965100e+03
   1.7057700e+03
   1.7849399e+03
   1.8048400e+03
   1.7909301e+03
   1.7405400e+03
   2.1038701e+03
   1.7616899e+03
   1.8297800e+03
   1.8760601e+03
   1.4029800e+03
   1.5125400e+03
   1.9354100e+03
   1.7099399e+03
   2.0903101e+03
   2.0743501e+03
   2.0965400e+03
   2.1129099e+03
   2.1130500e+03
   1.8618300e+03
   1.8685800e+03
   1.8665000e+03
   1.8638300e+03
   1.8760000e+03
   1.8629100e+03
   1.8711801e+03
   1.8536899e+03
   1.8860900e+03
   1.8757800e+03
   1.8718700e+03
   1.8821000e+03
   1.6492500e+03
   1.6752600e+03
   1.6603500e+03
   1.6173199e+03
   1.6543101e+03
   1.1092900e+03
   1.1069800e+03
   1.1038300e+03
   1.1125000e+03
   1.1782800e+03
   1.1347600e+03
   1.1308600e+03
   1.1494399e+03
   1.1460200e+03
   2.0581499e+03
   2.0546899e+03
   2.0670801e+03
   1.4490400e+03
   1.4940400e+03
   1.8381899e+03
   1.9103500e+03
   8.1364697e+02
   7.6582703e+02
   8.3717499e+02
   8.1958398e+02
   8.2648901e+02
   7.7780499e+02
   7.8929498e+02
   8.0514697e+02
   7.8081500e+02
   7.7005701e+02
   7.7198901e+02
   7.6392798e+02
   7.6578699e+02
   7.8334998e+02
   7.7018500e+02
   1.4383500e+03
   1.7050400e+03
   2.0177600e+03
   1.7785500e+03
   1.8032700e+03
   1.8042700e+03
   1.7179200e+03
   1.7423300e+03
   1.7549700e+03
   1.7792500e+03
   2.0534299e+03
   1.7505400e+03
   1.8008300e+03
   1.7470300e+03
   1.7682500e+03
   1.5044301e+03
   1.9566400e+03
   1.9249800e+03
   1.9706700e+03
   1.9862300e+03
   1.7177500e+03
   2.1332800e+03
   1.8719200e+03
   1.8645100e+03
   1.8654500e+03
   1.8459100e+03
   1.7729399e+03
   1.7867300e+03
   1.7804301e+03
   1.7684700e+03
   1.8687200e+03
   1.8687200e+03
   1.8685800e+03
   1.8729600e+03
   1.8778500e+03
   1.8698800e+03
   1.9207700e+03
   1.6559200e+03
   1.6568900e+03
   1.6523101e+03
   1.6381600e+03
   1.6332600e+03
   1.6349900e+03
   1.6643000e+03
   1.6489500e+03
   1.6530699e+03
   1.6425601e+03
   1.6545699e+03
   1.6612500e+03
   1.6571600e+03
   1.6600200e+03
   1.6595300e+03
   1.6574700e+03
   1.6729000e+03
   1.6531801e+03
   1.6574700e+03
   1.6680200e+03
   1.6797100e+03
   1.6828800e+03
   1.6939700e+03
   1.6755300e+03
   1.6759600e+03
   1.6681600e+03
   1.6679301e+03
   1.6765200e+03
   1.6309800e+03
   1.6537100e+03
   1.6486700e+03
   2.0494099e+03
   2.0510100e+03
   1.4643400e+03
   1.4615800e+03
   1.4442900e+03
   1.4494000e+03
   1.4531100e+03
   1.4622400e+03
   1.4355100e+03
   1.4622500e+03
   1.4351500e+03
   1.4791300e+03
   1.4871500e+03
   1.4593600e+03
   1.4785699e+03
   1.4919301e+03
   1.4920300e+03
   1.4972700e+03
   1.5041700e+03
   1.5013101e+03
   1.4990699e+03
   1.5055699e+03
   1.5043199e+03
   1.5033900e+03
   1.4989500e+03
   1.5121500e+03
   1.4871500e+03
   1.8421600e+03
   1.8538199e+03
   1.9241200e+03
   7.8182098e+02
   8.1969598e+02
   7.7042999e+02
   8.5777698e+02
   7.8222302e+02
   8.2968701e+02
   7.6871899e+02
   7.7020697e+02
   7.7863501e+02
   7.7180499e+02
   7.8727301e+02
   7.7441498e+02
   7.7471802e+02
   7.6484302e+02
   7.6520801e+02
   1.9432800e+03
   1.8233900e+03
   1.8319900e+03
   1.8122400e+03
   1.7869200e+03
   1.5308000e+03
   1.8969900e+03
   2.1175500e+03
   2.1811799e+03
   2.1332800e+03
   2.1212200e+03
   2.1566101e+03
   1.9656300e+03
   1.9026801e+03
   1.9044900e+03
   1.9216500e+03
   1.9838199e+03
   1.9661801e+03
   1.9680800e+03
   2.0459000e+03
   1.9499399e+03
   1.9207700e+03
   1.9922300e+03
   1.9856100e+03
   1.9922300e+03
   1.9123700e+03
   1.6483600e+03
   1.6292400e+03
   1.6692600e+03
   1.6669900e+03
   1.6837800e+03
   1.6766899e+03
   1.6200400e+03
   1.4988400e+03
   1.4947300e+03
   1.4840100e+03
   1.5021899e+03
   1.5021899e+03
   1.5160300e+03
   1.8608600e+03
   1.8814600e+03
   1.8437500e+03
   1.9103500e+03
   1.9800601e+03
   1.9312100e+03
   8.6690601e+02
   7.8780298e+02
   7.7465503e+02
   7.7026703e+02
   7.6836798e+02
   7.9029498e+02
   1.5234301e+03
   1.5168000e+03
   1.5383400e+03
   1.5271000e+03
   1.5364700e+03
   1.5454900e+03
   1.5992500e+03
   1.5392700e+03
   1.5376700e+03
   1.5464100e+03
   1.5354399e+03
   1.5352100e+03
   1.5512900e+03
   1.5231899e+03
   1.5477300e+03
   1.5436700e+03
   1.5570800e+03
   1.5418400e+03
   1.5515500e+03
   1.5470601e+03
   1.5535000e+03
   1.5578199e+03
   1.5532000e+03
   1.5637900e+03
   1.9106100e+03
   1.9011200e+03
   1.9065500e+03
   1.8790601e+03
   1.6349700e+03
   1.6371100e+03
   1.6275900e+03
   1.6092200e+03
   1.6297600e+03
   1.5904100e+03
   1.4767300e+03
   1.5090400e+03
   1.8483199e+03
   8.5188202e+02
   8.9892798e+02
   8.3823700e+02
   8.8414899e+02
   9.1144299e+02
   8.9419000e+02
   9.3046100e+02
   8.8414899e+02
   1.5208800e+03
   1.5711400e+03
   1.9249800e+03
   1.9070300e+03
   1.9279500e+03
   1.6498600e+03
   1.6329100e+03
   1.6146200e+03
   1.6326000e+03
   1.6241700e+03
   1.6053500e+03
   1.6204100e+03
   1.6104100e+03
   1.6112700e+03
   1.6016801e+03
   1.5995500e+03
   1.5803500e+03
   1.8450699e+03
   1.8366801e+03
   1.8591801e+03
   1.8561300e+03
   1.9632700e+03
   1.8615900e+03
   1.9172800e+03
   8.1772198e+02
   1.5168400e+03
   1.5168900e+03
   1.5207200e+03
   1.5106000e+03
   1.5316400e+03
   1.5252900e+03
   1.9021100e+03
   1.9238600e+03
   1.8993101e+03
   1.5787400e+03
   1.5142100e+03
   1.5055200e+03
   1.5164399e+03
   1.8870000e+03
   1.9106100e+03
   1.5217900e+03
   1.5354399e+03
   1.5316400e+03
   1.8702300e+03
   1.8901500e+03
   1.5401801e+03
   1.5340500e+03
   1.8786300e+03
   1.8870000e+03
   1.8656300e+03
   1.8794301e+03
   1.8585300e+03
   1.8497900e+03
   1.5386000e+03
   1.5460200e+03
   1.5727100e+03
   1.6015000e+03
   1.5474800e+03
   1.5279600e+03
   1.8497900e+03
   1.9279500e+03
   1.8902500e+03
   1.8518600e+03
   1.5491500e+03
   1.5551500e+03
   1.5472900e+03
   1.5579900e+03
   1.5685300e+03
   1.5608400e+03
   1.5694000e+03
   1.5759600e+03
   1.5728700e+03
   1.5824500e+03
   1.5757400e+03
   1.5743900e+03
   1.5669301e+03
   1.5965900e+03
   1.5821300e+03
   1.5629600e+03
   1.3497300e+03
   1.0222600e+03
   2.1963701e+03
   1.6200400e+03
   1.9449301e+03
   1.6993800e+03
   1.6822800e+03
   1.6751300e+03
   1.7379700e+03
   1.6329399e+03
   1.6788101e+03
   1.6626000e+03
   1.6267300e+03
   1.6457100e+03
   1.7215900e+03
   1.7281100e+03
   1.7496400e+03
   1.7135300e+03
   1.6993199e+03
   1.7375400e+03
   1.7117800e+03
   1.7527000e+03
   1.6935800e+03
   1.6833000e+03
   1.6784000e+03
   1.6590699e+03
   9.2046198e+02
   2.1479299e+03
   2.1147000e+03
   1.7659200e+03
   1.7471400e+03
   2.1117900e+03
   2.0961399e+03
   1.8313300e+03
   1.8221600e+03
   1.8203600e+03
   1.8122400e+03
   1.8277000e+03
   1.8340100e+03
   9.3760901e+02
   8.3249298e+02
   8.3958197e+02
   8.3958197e+02
   9.5242401e+02
   8.4550702e+02
   8.2147699e+02
   8.3658002e+02
   1.6462400e+03
   1.7941899e+03
   1.7874600e+03
   1.8993600e+03
   1.9194399e+03
   1.8624000e+03
   1.9529900e+03
   1.9010800e+03
   1.8428300e+03
   1.3845500e+03
   2.1624199e+03
   2.1855100e+03
   2.0709199e+03
   2.0460100e+03
   1.4368500e+03
   1.4559500e+03
   8.3544501e+02
   8.2181000e+02
   8.1883600e+02
   8.3012903e+02
   8.1804797e+02
   8.2139801e+02
   8.3086798e+02
   8.5042297e+02
   8.3332300e+02
   1.7798101e+03
   2.0293800e+03
   2.0925300e+03
   2.1221101e+03
   2.1406001e+03
   2.0587000e+03
   2.0418000e+03
   2.0276200e+03
   1.0881600e+03
   1.0591500e+03
   1.0751300e+03
   1.0633199e+03
   1.0791700e+03
   1.1156500e+03
   1.1065300e+03
   1.1111300e+03
   1.1554600e+03
   1.4367800e+03
   1.7291000e+03
   1.7701400e+03
   1.7608900e+03
   1.7180900e+03
   1.7259200e+03
   1.6991100e+03
   1.7706500e+03
   1.8153300e+03
   1.7792600e+03
   1.8252300e+03
   1.7777200e+03
   1.7836500e+03
   1.7979500e+03
   1.8089200e+03
   1.8121700e+03
   1.9645699e+03
   1.9307700e+03
   1.9496200e+03
   1.8782100e+03
   1.6975200e+03
   1.6908400e+03
   1.6963000e+03
   1.6730100e+03
   1.4425300e+03
   1.4310601e+03
   1.4160601e+03
   1.4178900e+03
   1.4389100e+03
   1.4128900e+03
   1.4650000e+03
   1.4436200e+03
   7.7465503e+02
   2.0099100e+03
   2.1505000e+03
   2.1749800e+03
   2.2094399e+03
   2.0170900e+03
   1.9856100e+03
   2.1276001e+03
   2.1151399e+03
   2.1195601e+03
   2.0630701e+03
   2.0876201e+03
   2.0639199e+03
   2.0568000e+03
   2.0459200e+03
   1.9419900e+03
   1.9599100e+03
   1.5999600e+03
   1.5668900e+03
   1.5561600e+03
   1.6181899e+03
   8.6410400e+02
   9.0703400e+02
   9.3274500e+02
   9.5056702e+02
   9.3823499e+02
   9.3429602e+02
   9.9543500e+02
   9.7217700e+02
   9.5219800e+02
   9.7199200e+02
   9.5823102e+02
   9.9436902e+02
   9.3741803e+02
   9.8565198e+02
   9.7809998e+02
   1.0059500e+03
   9.4115802e+02
   9.2566302e+02
   9.6562598e+02
   9.1295599e+02
   1.0162700e+03
   9.0454102e+02
   9.0099902e+02
   1.0023600e+03
   9.0978601e+02
   9.9053998e+02
   9.8461603e+02
   1.0242200e+03
   8.8306500e+02
   9.1696899e+02
   9.2832599e+02
   9.5821802e+02
   1.0063700e+03
   1.0005700e+03
   1.0162700e+03
   1.0317500e+03
   1.0131200e+03
   1.0389399e+03
   8.9483801e+02
   8.5247498e+02
   8.6040900e+02
   9.5241901e+02
   1.0125400e+03
   1.0304200e+03
   1.0332400e+03
   1.0203000e+03
   1.0324200e+03
   1.0164300e+03
   1.0276300e+03
   1.0375400e+03
   1.0389399e+03
   1.0497200e+03
   8.5254102e+02
   8.4024103e+02
   8.7024799e+02
   9.1176898e+02
   1.0398700e+03
   1.0483101e+03
   1.0554399e+03
   8.2181000e+02
   1.0391400e+03
   1.0459700e+03
   1.0381700e+03
   1.0566899e+03
   1.0504700e+03
   1.0341100e+03
   1.0371300e+03
   1.0519800e+03
   1.0514399e+03
   1.0510699e+03
   1.0630100e+03
   1.0780800e+03
   1.0519700e+03
   1.0659399e+03
   1.0619600e+03
   1.0687600e+03
   1.0679301e+03
   1.0825200e+03
   1.0704800e+03
   1.0566899e+03
   1.0624600e+03
   1.0804700e+03
   1.0779600e+03
   1.1444900e+03
   1.0790500e+03
   1.0957500e+03
   1.0881000e+03
   1.1025200e+03
   1.0952500e+03
   1.1380300e+03
   1.0836899e+03
   1.1346600e+03
   1.1576200e+03
   1.1166000e+03
   1.1545400e+03
   1.2257800e+03
   1.1576200e+03
   1.1645300e+03
   1.2257800e+03
   1.1762700e+03
   1.2151000e+03
   1.1783000e+03
   1.1724900e+03
   1.1852800e+03
   1.1601500e+03
   1.1633199e+03
   1.1552800e+03
   1.1476500e+03
   1.2132500e+03
   1.1521000e+03
   1.1783000e+03
   1.1929800e+03
   1.1947700e+03
   1.1998700e+03
   1.1998700e+03
   1.2679100e+03
   1.2169500e+03
   1.2047000e+03
   1.2268400e+03
   1.2141300e+03
   1.2499301e+03
   1.2026100e+03
   1.2861500e+03
   1.2856100e+03
   1.3621300e+03
   1.2439700e+03
   1.2955601e+03
   1.3007000e+03
   1.3088500e+03
   1.2979000e+03
   1.3202700e+03
   1.2941400e+03
   1.3073101e+03
   1.2964000e+03
   1.3293800e+03
   1.3056700e+03
   1.2751899e+03
   1.3192400e+03
   1.3133400e+03
   1.3356801e+03
   1.3061300e+03
   1.2826700e+03
   1.2974200e+03
   1.3024800e+03
   1.6165100e+03
   1.5700800e+03
   1.8404500e+03
   1.8416000e+03
   1.8386700e+03
   1.8760400e+03
   1.8366801e+03
   1.8366801e+03
   1.8338000e+03
   1.8289900e+03
   1.9345400e+03
   1.9279500e+03
   1.9172800e+03
   1.5844600e+03
   1.5784800e+03
   1.5749399e+03
   1.5819700e+03
   1.5917500e+03
   1.5958199e+03
   1.6026500e+03
   1.5382800e+03
   1.8818900e+03
   1.8497900e+03
   1.8324100e+03
   1.8622300e+03
   1.8384200e+03
   1.5832600e+03
   1.3545601e+03
   2.0959800e+03
   2.1516899e+03
   2.1208999e+03
   2.1022400e+03
   1.7398800e+03
   1.7116600e+03
   1.7277200e+03
   1.7075500e+03
   1.6901700e+03
   1.7056100e+03
   1.6833000e+03
   1.7527000e+03
   2.1307600e+03
   2.2440601e+03
   2.1838201e+03
   8.1804797e+02
   1.8960500e+03
   1.9949301e+03
   1.9429100e+03
   1.9558199e+03
   1.4138300e+03
   1.4030000e+03
   1.3838300e+03
   1.3637800e+03
   1.4005300e+03
   1.3706000e+03
   1.3598400e+03
   1.3831801e+03
   1.3889500e+03
   1.3668900e+03
   1.3708500e+03
   1.3739700e+03
   1.3782800e+03
   1.3781100e+03
   1.3699399e+03
   1.3856500e+03
   1.3708500e+03
   1.3593700e+03
   1.3790601e+03
   1.3865699e+03
   1.3985300e+03
   1.3743700e+03
   1.3561000e+03
   1.3943199e+03
   2.0491799e+03
   8.4231897e+02
   8.5931799e+02
   8.7564001e+02
   2.1032800e+03
   2.0508101e+03
   2.0439301e+03
   2.0393300e+03
   2.0336700e+03
   2.0197100e+03
   2.0218800e+03
   2.1481201e+03
   2.0208101e+03
   2.0078000e+03
   2.0325300e+03
   2.0036300e+03
   2.0167400e+03
   2.0069500e+03
   2.0290100e+03
   2.0153500e+03
   1.9873800e+03
   1.9970100e+03
   1.9936100e+03
   1.9961500e+03
   1.9909200e+03
   1.9584301e+03
   1.9868199e+03
   1.9657500e+03
   2.0288101e+03
   2.0335300e+03
   2.0280601e+03
   2.0366899e+03
   2.0344399e+03
   2.0378500e+03
   2.0319200e+03
   2.0447200e+03
   2.0380500e+03
   2.0284800e+03
   2.0467100e+03
   1.9300601e+03
   1.9547800e+03
   2.0084600e+03
   2.0343000e+03
   2.0562700e+03
   1.9392500e+03
   1.9534000e+03
   2.0458400e+03
   2.0464301e+03
   2.0399200e+03
   2.0582500e+03
   2.0495200e+03
   2.0369900e+03
   2.0583999e+03
   2.0741799e+03
   2.0659800e+03
   2.0743899e+03
   2.0684600e+03
   2.0364900e+03
   2.0407000e+03
   2.0323800e+03
   2.0562000e+03
   2.0365200e+03
   2.0508201e+03
   2.0301200e+03
   2.0336300e+03
   2.0637400e+03
   2.0500000e+03
   2.0551101e+03
   2.0461899e+03
   2.0989099e+03
   2.0598899e+03
   2.0937900e+03
   2.0237600e+03
   2.0821399e+03
   2.0427000e+03
   2.0657100e+03
   2.0492700e+03
   2.0313400e+03
   2.0729800e+03
   2.0538501e+03
   2.0323800e+03
   2.0421500e+03
   2.0253900e+03
   2.0213700e+03
   2.0213199e+03
   2.0115800e+03
   2.0184100e+03
   2.0760601e+03
   2.0752900e+03
   2.0778000e+03
   2.0842200e+03
   2.0623701e+03
   2.0576101e+03
   2.0025500e+03
   2.0180200e+03
   2.2643701e+03
   2.0713999e+03
   2.0793899e+03
   2.0857800e+03
   2.2704500e+03
   2.1668799e+03
   2.1226201e+03
   2.1443101e+03
   2.1166101e+03
   2.3709800e+03
   2.3023000e+03
   2.2017100e+03
   2.0649299e+03
   2.0830500e+03
   2.1135000e+03
   2.0598201e+03
   2.1006699e+03
   2.0764199e+03
   2.1021001e+03
   2.1046201e+03
   2.0507100e+03
   2.1308999e+03
   2.0777800e+03
   2.2233401e+03
   2.1402100e+03
   2.1341599e+03
   2.1355000e+03
   2.1784099e+03
   2.1133999e+03
   2.1391499e+03
   2.0890801e+03
   2.1224399e+03
   2.2411001e+03
   2.1253601e+03
   2.1273999e+03
   2.1350901e+03
   2.1436399e+03
   2.1259600e+03
   2.1384900e+03
   2.1047700e+03
   2.1342500e+03
   2.1454099e+03
   2.1454099e+03
   2.0730701e+03
   2.0801399e+03
   2.1140400e+03
   2.1661299e+03
   2.0877500e+03
   1.7824100e+03
   1.4268900e+03
   1.4117800e+03
   1.4021300e+03
   1.4254500e+03
   1.4182700e+03
   2.1504900e+03
   2.1586699e+03
   2.1982800e+03
   2.2133101e+03
   2.1886799e+03
   8.6202502e+02
   8.3958398e+02
   8.4486298e+02
   9.6507397e+02
   1.0486300e+03
   1.0724900e+03
   1.1200800e+03
   1.0866600e+03
   1.1852800e+03
   1.2204900e+03
   1.1957600e+03
   1.1771899e+03
   1.2349000e+03
   1.2227300e+03
   1.2411300e+03
   1.2309200e+03
   1.2313400e+03
   1.2452200e+03
   1.2407600e+03
   1.2313400e+03
   1.2624399e+03
   1.2684900e+03
   1.2393900e+03
   1.3621300e+03
   1.3277200e+03
   1.3321400e+03
   1.3636100e+03
   1.3391600e+03
   1.4254500e+03
   1.4101899e+03
   1.3689301e+03
   1.4236801e+03
   1.3952300e+03
   1.3907700e+03
   1.2718300e+03
   1.3339700e+03
   1.2976100e+03
   1.2802400e+03
   1.2684900e+03
   1.3060900e+03
   1.8308900e+03
   1.3812800e+03
   2.2345901e+03
   2.1463701e+03
   2.1440601e+03
   2.3051399e+03
   2.0959800e+03
   2.1038101e+03
   2.1163799e+03
   2.1449500e+03
   1.6541100e+03
   2.1555500e+03
   2.0368700e+03
   1.9612400e+03
   1.9493700e+03
   1.9768400e+03
   1.9758800e+03
   2.0055100e+03
   2.0039600e+03
   1.9309900e+03
   1.3996500e+03
   1.4087900e+03
   1.4225900e+03
   1.4364700e+03
   1.4611400e+03
   1.4377300e+03
   1.4565500e+03
   1.4251899e+03
   1.3536600e+03
   1.3648500e+03
   1.3525699e+03
   1.3406100e+03
   1.3515300e+03
   1.3426600e+03
   1.3453400e+03
   1.3596100e+03
   2.0651101e+03
   2.0511299e+03
   2.0161600e+03
   1.9909800e+03
   1.9527900e+03
   2.0528601e+03
   2.0547000e+03
   2.0250200e+03
   2.0296899e+03
   2.0518201e+03
   2.0632900e+03
   2.0456500e+03
   2.0332800e+03
   2.0383500e+03
   2.0552100e+03
   2.0602200e+03
   2.0948301e+03
   2.0758201e+03
   2.0758201e+03
   2.0731101e+03
   2.3603999e+03
   2.1778601e+03
   2.1352500e+03
   2.1966001e+03
   2.1702600e+03
   2.0596899e+03
   2.1446699e+03
   1.2622400e+03
   1.2815900e+03
   1.3203600e+03
   1.3305200e+03
   1.3569100e+03
   1.3283300e+03
   1.3262000e+03
   1.3454301e+03
   1.3285800e+03
   1.3447400e+03
   1.3406100e+03
   1.3618400e+03
   1.3339700e+03
   1.3545000e+03
   2.1910000e+03
   2.1938999e+03
   2.1887800e+03
   2.1645100e+03
   2.1570000e+03
   1.9905000e+03
   1.9935400e+03
   2.0557700e+03
   2.0192000e+03
   2.0404200e+03
   2.0273800e+03
   1.9797300e+03
   2.0988000e+03
   2.1427900e+03
   2.1059199e+03
   2.1287500e+03
   2.1132400e+03
   2.1535701e+03
   2.1565601e+03
   2.2030200e+03
   2.1446101e+03
   2.1847600e+03
   2.2029500e+03
   2.1851101e+03
   2.1838601e+03
   2.1691599e+03
   2.1982300e+03
   2.1778401e+03
   2.1750701e+03
   2.1805601e+03
   2.1644199e+03
   2.1798799e+03
   2.1854399e+03
   2.2078000e+03
   2.1929099e+03
   2.1603701e+03
   1.3550900e+03
   2.1645100e+03
   2.1750701e+03
   2.1386899e+03
   2.1577200e+03
   2.1603701e+03
   2.1484500e+03
   2.1585500e+03
   2.2379099e+03
   2.1720100e+03
   2.1720801e+03
   2.2126201e+03
   2.1870100e+03
   2.1762400e+03
   2.1750701e+03
   2.1777900e+03
   2.1691799e+03
   2.1765000e+03
   1.5729600e+03
   1.7791200e+03
   1.5503400e+03
   1.7229500e+03
   1.5703400e+03
   1.5928600e+03
   2.0872100e+03
   2.1681201e+03
   1.8096600e+03
   1.7605800e+03
